{
  "benchmark": "livecodebench",
  "cross_layer_cosine": {
    "layers": [
      0,
      1,
      2,
      3,
      4,
      5,
      6,
      7,
      8,
      9,
      10,
      11,
      12,
      13,
      14,
      15,
      16,
      17,
      18,
      19,
      20,
      21,
      22,
      23,
      24,
      25,
      26,
      27
    ],
    "matrix": [
      [
        1.0000001192092896,
        0.5387514233589172,
        0.29883772134780884,
        0.22208553552627563,
        0.16267219185829163,
        0.07559891045093536,
        0.04805392771959305,
        0.010003620758652687,
        -0.010728582739830017,
        0.017467916011810303,
        0.0012000016868114471,
        0.013797527179121971,
        0.029507208615541458,
        0.005843769293278456,
        0.019864367321133614,
        0.03317943587899208,
        0.0364527702331543,
        0.016688870266079903,
        0.010550105944275856,
        0.014161542057991028,
        0.012843070551753044,
        0.03669077530503273,
        0.04904207959771156,
        0.029290206730365753,
        0.01651347242295742,
        0.021716982126235962,
        0.031117748469114304,
        0.03520654886960983
      ],
      [
        0.5387514233589172,
        0.9999998807907104,
        0.5142831802368164,
        0.3332412838935852,
        0.25144708156585693,
        0.14729216694831848,
        0.10158921778202057,
        0.06774070113897324,
        0.020498966798186302,
        0.06330738961696625,
        0.05283369868993759,
        0.03654877096414566,
        0.04446206986904144,
        0.024738388136029243,
        0.026283729821443558,
        0.02167368493974209,
        0.03554420918226242,
        0.02089962735772133,
        0.020060639828443527,
        0.04024031013250351,
        0.029789987951517105,
        0.028789281845092773,
        0.03853962570428848,
        0.026588113978505135,
        0.014725436456501484,
        0.025184469297528267,
        0.020581502467393875,
        0.02239542454481125
      ],
      [
        0.29883772134780884,
        0.5142831802368164,
        1.0,
        0.6376985311508179,
        0.4560492932796478,
        0.25474923849105835,
        0.17743539810180664,
        0.13866473734378815,
        0.07396452128887177,
        0.06120677292346954,
        0.02176045998930931,
        0.005765879526734352,
        0.01393637154251337,
        0.0062234243378043175,
        0.027799876406788826,
        0.012620317749679089,
        0.013055656105279922,
        0.0022080843336880207,
        -0.008377769961953163,
        0.0021387035958468914,
        -0.0017742274794727564,
        0.019735168665647507,
        0.0063041383400559425,
        -0.016362342983484268,
        -0.011099521070718765,
        0.002674246206879616,
        0.023160448297858238,
        0.0020734984427690506
      ],
      [
        0.22208553552627563,
        0.3332412838935852,
        0.6376985311508179,
        1.0000001192092896,
        0.6460940837860107,
        0.3721137046813965,
        0.24934805929660797,
        0.19598254561424255,
        0.07315737009048462,
        0.10114000737667084,
        0.056848034262657166,
        0.018749644979834557,
        0.030295349657535553,
        0.004365719389170408,
        0.03913155198097229,
        0.03694535046815872,
        0.048493724316358566,
        0.0482804961502552,
        0.02439023181796074,
        0.029760289937257767,
        0.030210819095373154,
        0.022841699421405792,
        0.01891021803021431,
        0.0034435493871569633,
        0.00635133869946003,
        0.015156587585806847,
        0.010874968022108078,
        -0.026506498456001282
      ],
      [
        0.16267219185829163,
        0.25144708156585693,
        0.4560492932796478,
        0.6460940837860107,
        1.0,
        0.5286351442337036,
        0.3686548173427582,
        0.25438836216926575,
        0.10302277654409409,
        0.08578266203403473,
        0.0456673689186573,
        0.017895907163619995,
        0.019658636301755905,
        0.002263033762574196,
        0.021389741450548172,
        0.019177298992872238,
        0.049893129616975784,
        0.05725281313061714,
        0.03872249275445938,
        0.03894651681184769,
        0.023359645158052444,
        -0.0005017127841711044,
        -0.001806609332561493,
        -0.0006521865725517273,
        0.008615820668637753,
        0.019943956285715103,
        0.01765139028429985,
        -0.006472917273640633
      ],
      [
        0.07559891045093536,
        0.14729216694831848,
        0.25474923849105835,
        0.3721137046813965,
        0.5286351442337036,
        0.9999998211860657,
        0.578737199306488,
        0.4584433436393738,
        0.17099708318710327,
        0.13800722360610962,
        0.0823654755949974,
        0.04508497193455696,
        0.03729114308953285,
        0.024620171636343002,
        0.019213860854506493,
        0.0291392020881176,
        0.04182455316185951,
        0.05751415714621544,
        0.022978374734520912,
        0.021911371499300003,
        0.0020816843025386333,
        -0.014857308939099312,
        -0.011399432085454464,
        -0.009301754646003246,
        -0.011429939419031143,
        0.008072156459093094,
        0.0010171043686568737,
        -0.005406174808740616
      ],
      [
        0.04805392771959305,
        0.10158921778202057,
        0.17743539810180664,
        0.24934805929660797,
        0.3686548173427582,
        0.578737199306488,
        0.9999999403953552,
        0.5501447319984436,
        0.33120378851890564,
        0.16707727313041687,
        0.09122992306947708,
        0.07434473931789398,
        0.04956690967082977,
        0.016397465020418167,
        0.026150960475206375,
        -0.0004824853967875242,
        -0.01566138304769993,
        0.00021000998094677925,
        -0.02730979025363922,
        0.0036450917832553387,
        -0.01218414306640625,
        -0.0392431765794754,
        -0.01135613489896059,
        0.007622183300554752,
        0.011234037578105927,
        0.026161903515458107,
        0.01755094900727272,
        0.03630031272768974
      ],
      [
        0.010003620758652687,
        0.06774070113897324,
        0.13866473734378815,
        0.19598254561424255,
        0.25438836216926575,
        0.4584433436393738,
        0.5501447319984436,
        0.9999998807907104,
        0.3937837779521942,
        0.2740641236305237,
        0.17247702181339264,
        0.13474684953689575,
        0.08485045284032822,
        0.0770023986697197,
        0.02584254927933216,
        0.026445219293236732,
        0.03656454011797905,
        0.053895361721515656,
        0.03717502951622009,
        0.036989111453294754,
        0.010912878438830376,
        -0.0015753027983009815,
        0.02118697017431259,
        0.014483965002000332,
        0.011925680562853813,
        0.032173894345760345,
        0.03440452739596367,
        0.02954559400677681
      ],
      [
        -0.010728582739830017,
        0.020498966798186302,
        0.07396452128887177,
        0.07315737009048462,
        0.10302277654409409,
        0.17099708318710327,
        0.33120378851890564,
        0.3937837779521942,
        1.0000001192092896,
        0.35933780670166016,
        0.15811069309711456,
        0.1417234241962433,
        0.1257385015487671,
        0.08544594049453735,
        0.06856296956539154,
        0.03812859207391739,
        0.06427204608917236,
        0.05582112818956375,
        0.029945271089673042,
        0.04709955304861069,
        0.03983273357152939,
        0.01962115801870823,
        0.03633024916052818,
        0.028279071673750877,
        0.012129418551921844,
        0.019230470061302185,
        0.026419134810566902,
        0.04091400280594826
      ],
      [
        0.017467916011810303,
        0.06330738961696625,
        0.06120677292346954,
        0.10114000737667084,
        0.08578266203403473,
        0.13800722360610962,
        0.16707727313041687,
        0.2740641236305237,
        0.35933780670166016,
        0.9999999403953552,
        0.5209640860557556,
        0.3872237801551819,
        0.2543201446533203,
        0.1966555118560791,
        0.13688120245933533,
        0.07931758463382721,
        0.09431528300046921,
        0.09338754415512085,
        0.06480727344751358,
        0.06720490008592606,
        0.058710888028144836,
        0.0443267859518528,
        0.046737730503082275,
        0.05059303715825081,
        0.032364774495363235,
        0.04199064150452614,
        0.03494242578744888,
        0.01940304785966873
      ],
      [
        0.0012000016868114471,
        0.05283369868993759,
        0.02176045998930931,
        0.056848034262657166,
        0.0456673689186573,
        0.0823654755949974,
        0.09122992306947708,
        0.17247702181339264,
        0.15811069309711456,
        0.5209640860557556,
        1.0000001192092896,
        0.6409174799919128,
        0.40535977482795715,
        0.3242124319076538,
        0.18549853563308716,
        0.14942927658557892,
        0.14212295413017273,
        0.12879645824432373,
        0.08425581455230713,
        0.04680215194821358,
        0.04008128494024277,
        0.024773892015218735,
        0.029017429798841476,
        0.03158140555024147,
        0.021880555897951126,
        0.03127763047814369,
        0.03570232167840004,
        -0.030771365389227867
      ],
      [
        0.013797527179121971,
        0.03654877096414566,
        0.005765879526734352,
        0.018749644979834557,
        0.017895907163619995,
        0.04508497193455696,
        0.07434473931789398,
        0.13474684953689575,
        0.1417234241962433,
        0.3872237801551819,
        0.6409174799919128,
        0.9999998211860657,
        0.6303519010543823,
        0.48793429136276245,
        0.28341326117515564,
        0.21173430979251862,
        0.20140418410301208,
        0.18711631000041962,
        0.1531808227300644,
        0.11584336310625076,
        0.1030755564570427,
        0.07489439845085144,
        0.06349806487560272,
        0.050505489110946655,
        0.04670737683773041,
        0.0347742885351181,
        0.01900608465075493,
        -0.028465691953897476
      ],
      [
        0.029507208615541458,
        0.04446206986904144,
        0.01393637154251337,
        0.030295349657535553,
        0.019658636301755905,
        0.03729114308953285,
        0.04956690967082977,
        0.08485045284032822,
        0.1257385015487671,
        0.2543201446533203,
        0.40535977482795715,
        0.6303519010543823,
        1.0,
        0.7111055254936218,
        0.4301171898841858,
        0.29577258229255676,
        0.26773780584335327,
        0.22886209189891815,
        0.18757735192775726,
        0.1439775824546814,
        0.13009506464004517,
        0.08556003868579865,
        0.06238128989934921,
        0.06320320069789886,
        0.05148191750049591,
        0.019385140389204025,
        0.002592780627310276,
        -0.004086293280124664
      ],
      [
        0.005843769293278456,
        0.024738388136029243,
        0.0062234243378043175,
        0.004365719389170408,
        0.002263033762574196,
        0.024620171636343002,
        0.016397465020418167,
        0.0770023986697197,
        0.08544594049453735,
        0.1966555118560791,
        0.3242124319076538,
        0.48793429136276245,
        0.7111055254936218,
        1.0000001192092896,
        0.532977819442749,
        0.38956648111343384,
        0.32385051250457764,
        0.25980839133262634,
        0.21122317016124725,
        0.1736030876636505,
        0.16094036400318146,
        0.1250569373369217,
        0.09159427881240845,
        0.08088169246912003,
        0.0645008459687233,
        0.030333219096064568,
        0.021037839353084564,
        -0.001074299681931734
      ],
      [
        0.019864367321133614,
        0.026283729821443558,
        0.027799876406788826,
        0.03913155198097229,
        0.021389741450548172,
        0.019213860854506493,
        0.026150960475206375,
        0.02584254927933216,
        0.06856296956539154,
        0.13688120245933533,
        0.18549853563308716,
        0.28341326117515564,
        0.4301171898841858,
        0.532977819442749,
        1.0000001192092896,
        0.4949694871902466,
        0.4024209976196289,
        0.33875027298927307,
        0.2606847286224365,
        0.21625803411006927,
        0.18995338678359985,
        0.14813756942749023,
        0.1281183511018753,
        0.11264993995428085,
        0.08267246931791306,
        0.04207512363791466,
        0.0039621517062187195,
        0.001555703580379486
      ],
      [
        0.03317943587899208,
        0.02167368493974209,
        0.012620317749679089,
        0.03694535046815872,
        0.019177298992872238,
        0.0291392020881176,
        -0.0004824853967875242,
        0.026445219293236732,
        0.03812859207391739,
        0.07931758463382721,
        0.14942927658557892,
        0.21173430979251862,
        0.29577258229255676,
        0.38956648111343384,
        0.4949694871902466,
        1.0000001192092896,
        0.779899001121521,
        0.5993504524230957,
        0.4756999611854553,
        0.3517169952392578,
        0.2725791335105896,
        0.18524347245693207,
        0.1456502228975296,
        0.10579290241003036,
        0.07736609876155853,
        0.040316686034202576,
        0.02226533181965351,
        0.013731113635003567
      ],
      [
        0.0364527702331543,
        0.03554420918226242,
        0.013055656105279922,
        0.048493724316358566,
        0.049893129616975784,
        0.04182455316185951,
        -0.01566138304769993,
        0.03656454011797905,
        0.06427204608917236,
        0.09431528300046921,
        0.14212295413017273,
        0.20140418410301208,
        0.26773780584335327,
        0.32385051250457764,
        0.4024209976196289,
        0.779899001121521,
        1.0,
        0.7862693667411804,
        0.6197443008422852,
        0.47460904717445374,
        0.3570677638053894,
        0.24654392898082733,
        0.19026994705200195,
        0.14431431889533997,
        0.11117993295192719,
        0.0700378492474556,
        0.04342161864042282,
        0.025017932057380676
      ],
      [
        0.016688870266079903,
        0.02089962735772133,
        0.0022080843336880207,
        0.0482804961502552,
        0.05725281313061714,
        0.05751415714621544,
        0.00021000998094677925,
        0.053895361721515656,
        0.05582112818956375,
        0.09338754415512085,
        0.12879645824432373,
        0.18711631000041962,
        0.22886209189891815,
        0.25980839133262634,
        0.33875027298927307,
        0.5993504524230957,
        0.7862693667411804,
        0.9999999403953552,
        0.7839704751968384,
        0.6051305532455444,
        0.4534146785736084,
        0.34478646516799927,
        0.25205299258232117,
        0.19934165477752686,
        0.15824805200099945,
        0.10212812572717667,
        0.07211437076330185,
        0.044503048062324524
      ],
      [
        0.010550105944275856,
        0.020060639828443527,
        -0.008377769961953163,
        0.02439023181796074,
        0.03872249275445938,
        0.022978374734520912,
        -0.02730979025363922,
        0.03717502951622009,
        0.029945271089673042,
        0.06480727344751358,
        0.08425581455230713,
        0.1531808227300644,
        0.18757735192775726,
        0.21122317016124725,
        0.2606847286224365,
        0.4756999611854553,
        0.6197443008422852,
        0.7839704751968384,
        1.0000001192092896,
        0.7867691516876221,
        0.6109920740127563,
        0.4828944802284241,
        0.36735743284225464,
        0.30591881275177,
        0.24262511730194092,
        0.19431281089782715,
        0.1504029780626297,
        0.11300533264875412
      ],
      [
        0.014161542057991028,
        0.04024031013250351,
        0.0021387035958468914,
        0.029760289937257767,
        0.03894651681184769,
        0.021911371499300003,
        0.0036450917832553387,
        0.036989111453294754,
        0.04709955304861069,
        0.06720490008592606,
        0.04680215194821358,
        0.11584336310625076,
        0.1439775824546814,
        0.1736030876636505,
        0.21625803411006927,
        0.3517169952392578,
        0.47460904717445374,
        0.6051305532455444,
        0.7867691516876221,
        1.0,
        0.7839498519897461,
        0.6243051886558533,
        0.4914669394493103,
        0.417088121175766,
        0.3243412971496582,
        0.2691973149776459,
        0.2034287452697754,
        0.17436864972114563
      ],
      [
        0.012843070551753044,
        0.029789987951517105,
        -0.0017742274794727564,
        0.030210819095373154,
        0.023359645158052444,
        0.0020816843025386333,
        -0.01218414306640625,
        0.010912878438830376,
        0.03983273357152939,
        0.058710888028144836,
        0.04008128494024277,
        0.1030755564570427,
        0.13009506464004517,
        0.16094036400318146,
        0.18995338678359985,
        0.2725791335105896,
        0.3570677638053894,
        0.4534146785736084,
        0.6109920740127563,
        0.7839498519897461,
        1.0,
        0.7970778346061707,
        0.6287906765937805,
        0.5304880142211914,
        0.44430357217788696,
        0.36771416664123535,
        0.272849440574646,
        0.2448689043521881
      ],
      [
        0.03669077530503273,
        0.028789281845092773,
        0.019735168665647507,
        0.022841699421405792,
        -0.0005017127841711044,
        -0.014857308939099312,
        -0.0392431765794754,
        -0.0015753027983009815,
        0.01962115801870823,
        0.0443267859518528,
        0.024773892015218735,
        0.07489439845085144,
        0.08556003868579865,
        0.1250569373369217,
        0.14813756942749023,
        0.18524347245693207,
        0.24654392898082733,
        0.34478646516799927,
        0.4828944802284241,
        0.6243051886558533,
        0.7970778346061707,
        1.0,
        0.7923886775970459,
        0.6648950576782227,
        0.5585578680038452,
        0.4573252499103546,
        0.3551294803619385,
        0.30314478278160095
      ],
      [
        0.04904207959771156,
        0.03853962570428848,
        0.0063041383400559425,
        0.01891021803021431,
        -0.001806609332561493,
        -0.011399432085454464,
        -0.01135613489896059,
        0.02118697017431259,
        0.03633024916052818,
        0.046737730503082275,
        0.029017429798841476,
        0.06349806487560272,
        0.06238128989934921,
        0.09159427881240845,
        0.1281183511018753,
        0.1456502228975296,
        0.19026994705200195,
        0.25205299258232117,
        0.36735743284225464,
        0.4914669394493103,
        0.6287906765937805,
        0.7923886775970459,
        0.9999999403953552,
        0.8398764133453369,
        0.7119859457015991,
        0.6019909381866455,
        0.47807207703590393,
        0.3762889802455902
      ],
      [
        0.029290206730365753,
        0.026588113978505135,
        -0.016362342983484268,
        0.0034435493871569633,
        -0.0006521865725517273,
        -0.009301754646003246,
        0.007622183300554752,
        0.014483965002000332,
        0.028279071673750877,
        0.05059303715825081,
        0.03158140555024147,
        0.050505489110946655,
        0.06320320069789886,
        0.08088169246912003,
        0.11264993995428085,
        0.10579290241003036,
        0.14431431889533997,
        0.19934165477752686,
        0.30591881275177,
        0.417088121175766,
        0.5304880142211914,
        0.6648950576782227,
        0.8398764133453369,
        1.000000238418579,
        0.8491506576538086,
        0.7219411134719849,
        0.5746089816093445,
        0.4114830493927002
      ],
      [
        0.01651347242295742,
        0.014725436456501484,
        -0.011099521070718765,
        0.00635133869946003,
        0.008615820668637753,
        -0.011429939419031143,
        0.011234037578105927,
        0.011925680562853813,
        0.012129418551921844,
        0.032364774495363235,
        0.021880555897951126,
        0.04670737683773041,
        0.05148191750049591,
        0.0645008459687233,
        0.08267246931791306,
        0.07736609876155853,
        0.11117993295192719,
        0.15824805200099945,
        0.24262511730194092,
        0.3243412971496582,
        0.44430357217788696,
        0.5585578680038452,
        0.7119859457015991,
        0.8491506576538086,
        1.0000001192092896,
        0.8504239320755005,
        0.6784017086029053,
        0.4455810785293579
      ],
      [
        0.021716982126235962,
        0.025184469297528267,
        0.002674246206879616,
        0.015156587585806847,
        0.019943956285715103,
        0.008072156459093094,
        0.026161903515458107,
        0.032173894345760345,
        0.019230470061302185,
        0.04199064150452614,
        0.03127763047814369,
        0.0347742885351181,
        0.019385140389204025,
        0.030333219096064568,
        0.04207512363791466,
        0.040316686034202576,
        0.0700378492474556,
        0.10212812572717667,
        0.19431281089782715,
        0.2691973149776459,
        0.36771416664123535,
        0.4573252499103546,
        0.6019909381866455,
        0.7219411134719849,
        0.8504239320755005,
        1.0000003576278687,
        0.8145159482955933,
        0.4835722744464874
      ],
      [
        0.031117748469114304,
        0.020581502467393875,
        0.023160448297858238,
        0.010874968022108078,
        0.01765139028429985,
        0.0010171043686568737,
        0.01755094900727272,
        0.03440452739596367,
        0.026419134810566902,
        0.03494242578744888,
        0.03570232167840004,
        0.01900608465075493,
        0.002592780627310276,
        0.021037839353084564,
        0.0039621517062187195,
        0.02226533181965351,
        0.04342161864042282,
        0.07211437076330185,
        0.1504029780626297,
        0.2034287452697754,
        0.272849440574646,
        0.3551294803619385,
        0.47807207703590393,
        0.5746089816093445,
        0.6784017086029053,
        0.8145159482955933,
        1.0000001192092896,
        0.5171560645103455
      ],
      [
        0.03520654886960983,
        0.02239542454481125,
        0.0020734984427690506,
        -0.026506498456001282,
        -0.006472917273640633,
        -0.005406174808740616,
        0.03630031272768974,
        0.02954559400677681,
        0.04091400280594826,
        0.01940304785966873,
        -0.030771365389227867,
        -0.028465691953897476,
        -0.004086293280124664,
        -0.001074299681931734,
        0.001555703580379486,
        0.013731113635003567,
        0.025017932057380676,
        0.044503048062324524,
        0.11300533264875412,
        0.17436864972114563,
        0.2448689043521881,
        0.30314478278160095,
        0.3762889802455902,
        0.4114830493927002,
        0.4455810785293579,
        0.4835722744464874,
        0.5171560645103455,
        1.0
      ]
    ]
  },
  "direction_bootstrap_device": "cuda",
  "direction_bootstrap_samples": 100,
  "direction_bootstrap_seed": 0,
  "feature_key": "last_token_all_layers_stack_final",
  "git_commit": "4458580da1cad526bacd31d90df13ab3d4b90db4",
  "layers": [
    {
      "decision_threshold": 12.727997779846191,
      "direction_bootstrap_high_cosine": 0.8362916693091392,
      "direction_bootstrap_low_cosine": 0.7343688160181046,
      "direction_bootstrap_mean_cosine": 0.7860048866271973,
      "direction_bootstrap_num_completed": 100,
      "layer": 27,
      "raw_vector_norm": 7.664467811584473,
      "record_path": "/data/scratch/murphy/outputs/cot-loop-detection/prompt_profile_rfm/livecodebench_full_bootstrap200_seed0_metricfix_20260421/vector_exports/artifacts/layer_27_vector_record.json",
      "score_sign": -1.0,
      "selected_eigenvalue": 58.744056701660156,
      "selected_eigenvalue_share": 0.9048518394471963,
      "test_positive_minus_negative_mean": 1.8569021224975586,
      "test_pr_auc": 0.7150359001690165,
      "test_roc_auc": 0.8583158630328442,
      "train_pr_auc": 0.9526742504941914,
      "val_pr_auc": 0.6396199093751923,
      "vector_checksum": "acb2e88e2391f62a902b634a0173c85f05aaef4d5a3b8f7de316042bf0f5c464",
      "vector_path": "/data/scratch/murphy/outputs/cot-loop-detection/prompt_profile_rfm/livecodebench_full_bootstrap200_seed0_metricfix_20260421/vector_exports/vectors/layer_27_vector.pt"
    },
    {
      "decision_threshold": 8.159757614135742,
      "direction_bootstrap_high_cosine": 0.8392986059188843,
      "direction_bootstrap_low_cosine": 0.7164898782968521,
      "direction_bootstrap_mean_cosine": 0.7908756411075593,
      "direction_bootstrap_num_completed": 100,
      "layer": 17,
      "raw_vector_norm": 11.572430610656738,
      "record_path": "/data/scratch/murphy/outputs/cot-loop-detection/prompt_profile_rfm/livecodebench_full_bootstrap200_seed0_metricfix_20260421/vector_exports/artifacts/layer_17_vector_record.json",
      "score_sign": -1.0,
      "selected_eigenvalue": 133.92123413085938,
      "selected_eigenvalue_share": 0.8418799057196321,
      "test_positive_minus_negative_mean": 12.172016143798828,
      "test_pr_auc": 0.7531484607326819,
      "test_roc_auc": 0.8640810621942697,
      "train_pr_auc": 0.9252244537673484,
      "val_pr_auc": 0.6017399568217687,
      "vector_checksum": "d72ed93179dff810bf9d8d11891d315924c8ee010eea407d804f84892b7481ae",
      "vector_path": "/data/scratch/murphy/outputs/cot-loop-detection/prompt_profile_rfm/livecodebench_full_bootstrap200_seed0_metricfix_20260421/vector_exports/vectors/layer_17_vector.pt"
    },
    {
      "decision_threshold": 29.03204917907715,
      "direction_bootstrap_high_cosine": 0.8689801588654518,
      "direction_bootstrap_low_cosine": 0.7619428515434266,
      "direction_bootstrap_mean_cosine": 0.8160777515172959,
      "direction_bootstrap_num_completed": 100,
      "layer": 19,
      "raw_vector_norm": 12.758068084716797,
      "record_path": "/data/scratch/murphy/outputs/cot-loop-detection/prompt_profile_rfm/livecodebench_full_bootstrap200_seed0_metricfix_20260421/vector_exports/artifacts/layer_19_vector_record.json",
      "score_sign": -1.0,
      "selected_eigenvalue": 162.76828002929688,
      "selected_eigenvalue_share": 0.7954985409521509,
      "test_positive_minus_negative_mean": 18.845869064331055,
      "test_pr_auc": 0.7592234844980009,
      "test_roc_auc": 0.8635569531795946,
      "train_pr_auc": 0.9129620736250511,
      "val_pr_auc": 0.5911992271575461,
      "vector_checksum": "c6c5e83418ea49d5ee9be43123da68c6e835e1e48f2b463fa22920ff234e6356",
      "vector_path": "/data/scratch/murphy/outputs/cot-loop-detection/prompt_profile_rfm/livecodebench_full_bootstrap200_seed0_metricfix_20260421/vector_exports/vectors/layer_19_vector.pt"
    },
    {
      "decision_threshold": 10.778865814208984,
      "direction_bootstrap_high_cosine": 0.8407536849379539,
      "direction_bootstrap_low_cosine": 0.7292304337024689,
      "direction_bootstrap_mean_cosine": 0.7906907141208649,
      "direction_bootstrap_num_completed": 100,
      "layer": 16,
      "raw_vector_norm": 11.190420150756836,
      "record_path": "/data/scratch/murphy/outputs/cot-loop-detection/prompt_profile_rfm/livecodebench_full_bootstrap200_seed0_metricfix_20260421/vector_exports/artifacts/layer_16_vector_record.json",
      "score_sign": -1.0,
      "selected_eigenvalue": 125.22554779052734,
      "selected_eigenvalue_share": 0.8692799391074746,
      "test_positive_minus_negative_mean": 9.136116027832031,
      "test_pr_auc": 0.7304651493670632,
      "test_roc_auc": 0.8541229909154437,
      "train_pr_auc": 0.9370153270230579,
      "val_pr_auc": 0.5905443272730058,
      "vector_checksum": "a470dfb8255bf95c6852832e2e99a1eb512d328f93c13490ad12e341ce8ff3b8",
      "vector_path": "/data/scratch/murphy/outputs/cot-loop-detection/prompt_profile_rfm/livecodebench_full_bootstrap200_seed0_metricfix_20260421/vector_exports/vectors/layer_16_vector.pt"
    },
    {
      "decision_threshold": 13.62459945678711,
      "direction_bootstrap_high_cosine": 0.8538109704852104,
      "direction_bootstrap_low_cosine": 0.743969613313675,
      "direction_bootstrap_mean_cosine": 0.8038867378234863,
      "direction_bootstrap_num_completed": 100,
      "layer": 15,
      "raw_vector_norm": 10.427716255187988,
      "record_path": "/data/scratch/murphy/outputs/cot-loop-detection/prompt_profile_rfm/livecodebench_full_bootstrap200_seed0_metricfix_20260421/vector_exports/artifacts/layer_15_vector_record.json",
      "score_sign": 1.0,
      "selected_eigenvalue": 108.73714447021484,
      "selected_eigenvalue_share": 0.892065729627203,
      "test_positive_minus_negative_mean": 7.084716796875,
      "test_pr_auc": 0.6968889481994003,
      "test_roc_auc": 0.8397973445143256,
      "train_pr_auc": 0.9486217382170451,
      "val_pr_auc": 0.5898732919697084,
      "vector_checksum": "42318df889a787e51e968a534dc4feecaee5933aef15d470400a0a3dee07c242",
      "vector_path": "/data/scratch/murphy/outputs/cot-loop-detection/prompt_profile_rfm/livecodebench_full_bootstrap200_seed0_metricfix_20260421/vector_exports/vectors/layer_15_vector.pt"
    },
    {
      "decision_threshold": -1.8027887344360352,
      "direction_bootstrap_high_cosine": 0.855484226346016,
      "direction_bootstrap_low_cosine": 0.7550576195120812,
      "direction_bootstrap_mean_cosine": 0.8110640567541122,
      "direction_bootstrap_num_completed": 100,
      "layer": 18,
      "raw_vector_norm": 14.025351524353027,
      "record_path": "/data/scratch/murphy/outputs/cot-loop-detection/prompt_profile_rfm/livecodebench_full_bootstrap200_seed0_metricfix_20260421/vector_exports/artifacts/layer_18_vector_record.json",
      "score_sign": 1.0,
      "selected_eigenvalue": 196.7106170654297,
      "selected_eigenvalue_share": 0.8206485399010203,
      "test_positive_minus_negative_mean": 14.989011764526367,
      "test_pr_auc": 0.7486662023058375,
      "test_roc_auc": 0.8605870020964361,
      "train_pr_auc": 0.9171267213457449,
      "val_pr_auc": 0.5883517719905711,
      "vector_checksum": "269e4e7822de66e8f15ab5769220dd88b6a434c1830541a95b87b132f01f55be",
      "vector_path": "/data/scratch/murphy/outputs/cot-loop-detection/prompt_profile_rfm/livecodebench_full_bootstrap200_seed0_metricfix_20260421/vector_exports/vectors/layer_18_vector.pt"
    },
    {
      "decision_threshold": 33.55921936035156,
      "direction_bootstrap_high_cosine": 0.8704700395464897,
      "direction_bootstrap_low_cosine": 0.783187173306942,
      "direction_bootstrap_mean_cosine": 0.8301362133026123,
      "direction_bootstrap_num_completed": 100,
      "layer": 20,
      "raw_vector_norm": 11.772449493408203,
      "record_path": "/data/scratch/murphy/outputs/cot-loop-detection/prompt_profile_rfm/livecodebench_full_bootstrap200_seed0_metricfix_20260421/vector_exports/artifacts/layer_20_vector_record.json",
      "score_sign": 1.0,
      "selected_eigenvalue": 138.59066772460938,
      "selected_eigenvalue_share": 0.7709037063593874,
      "test_positive_minus_negative_mean": 25.023847579956055,
      "test_pr_auc": 0.7416722760564946,
      "test_roc_auc": 0.8572676450034941,
      "train_pr_auc": 0.8974352734181262,
      "val_pr_auc": 0.578927596622947,
      "vector_checksum": "0089c430e29a370ceae355874a669571f0737cb154813a540740f5140a60411b",
      "vector_path": "/data/scratch/murphy/outputs/cot-loop-detection/prompt_profile_rfm/livecodebench_full_bootstrap200_seed0_metricfix_20260421/vector_exports/vectors/layer_20_vector.pt"
    },
    {
      "decision_threshold": 2.061004877090454,
      "direction_bootstrap_high_cosine": 0.8615878999233245,
      "direction_bootstrap_low_cosine": 0.7670510336756706,
      "direction_bootstrap_mean_cosine": 0.8159798276424408,
      "direction_bootstrap_num_completed": 100,
      "layer": 12,
      "raw_vector_norm": 10.889513969421387,
      "record_path": "/data/scratch/murphy/outputs/cot-loop-detection/prompt_profile_rfm/livecodebench_full_bootstrap200_seed0_metricfix_20260421/vector_exports/artifacts/layer_12_vector_record.json",
      "score_sign": -1.0,
      "selected_eigenvalue": 118.58161926269531,
      "selected_eigenvalue_share": 0.8464477006806989,
      "test_positive_minus_negative_mean": 1.7433799505233765,
      "test_pr_auc": 0.6563759586167651,
      "test_roc_auc": 0.7854647099930119,
      "train_pr_auc": 0.9331988890324124,
      "val_pr_auc": 0.5643634651865169,
      "vector_checksum": "fd291d3fea6d53a1cf06c33af4864c545e59d178152f82f66d8c1163351fa3e6",
      "vector_path": "/data/scratch/murphy/outputs/cot-loop-detection/prompt_profile_rfm/livecodebench_full_bootstrap200_seed0_metricfix_20260421/vector_exports/vectors/layer_12_vector.pt"
    },
    {
      "decision_threshold": 3.352766990661621,
      "direction_bootstrap_high_cosine": 0.8588481321930885,
      "direction_bootstrap_low_cosine": 0.7563934445381164,
      "direction_bootstrap_mean_cosine": 0.8100429373979569,
      "direction_bootstrap_num_completed": 100,
      "layer": 13,
      "raw_vector_norm": 10.136316299438477,
      "record_path": "/data/scratch/murphy/outputs/cot-loop-detection/prompt_profile_rfm/livecodebench_full_bootstrap200_seed0_metricfix_20260421/vector_exports/artifacts/layer_13_vector_record.json",
      "score_sign": 1.0,
      "selected_eigenvalue": 102.74491882324219,
      "selected_eigenvalue_share": 0.8510573138921848,
      "test_positive_minus_negative_mean": 2.386542320251465,
      "test_pr_auc": 0.6778957562870541,
      "test_roc_auc": 0.8038085255066387,
      "train_pr_auc": 0.9334743752826853,
      "val_pr_auc": 0.5544380714406023,
      "vector_checksum": "1724196c64644ca519869a4c833a2260b43aca0df816e8bfc16192b47895e553",
      "vector_path": "/data/scratch/murphy/outputs/cot-loop-detection/prompt_profile_rfm/livecodebench_full_bootstrap200_seed0_metricfix_20260421/vector_exports/vectors/layer_13_vector.pt"
    },
    {
      "decision_threshold": 184.10414123535156,
      "direction_bootstrap_high_cosine": 0.9110393464565277,
      "direction_bootstrap_low_cosine": 0.8462610304355621,
      "direction_bootstrap_mean_cosine": 0.8836697870492936,
      "direction_bootstrap_num_completed": 100,
      "layer": 24,
      "raw_vector_norm": 10.803119659423828,
      "record_path": "/data/scratch/murphy/outputs/cot-loop-detection/prompt_profile_rfm/livecodebench_full_bootstrap200_seed0_metricfix_20260421/vector_exports/artifacts/layer_24_vector_record.json",
      "score_sign": 1.0,
      "selected_eigenvalue": 116.70738220214844,
      "selected_eigenvalue_share": 0.44627354397978375,
      "test_positive_minus_negative_mean": 76.54226684570312,
      "test_pr_auc": 0.7303234674242266,
      "test_roc_auc": 0.8509783368273934,
      "train_pr_auc": 0.836389986393734,
      "val_pr_auc": 0.5428875968933329,
      "vector_checksum": "fd0210280901ef46e870b5c21bdacaa8856477a4648f6460f4ebc43007d7446c",
      "vector_path": "/data/scratch/murphy/outputs/cot-loop-detection/prompt_profile_rfm/livecodebench_full_bootstrap200_seed0_metricfix_20260421/vector_exports/vectors/layer_24_vector.pt"
    },
    {
      "decision_threshold": 149.5850372314453,
      "direction_bootstrap_high_cosine": 0.8989662483334542,
      "direction_bootstrap_low_cosine": 0.8213187903165817,
      "direction_bootstrap_mean_cosine": 0.8671115124225617,
      "direction_bootstrap_num_completed": 100,
      "layer": 23,
      "raw_vector_norm": 12.351547241210938,
      "record_path": "/data/scratch/murphy/outputs/cot-loop-detection/prompt_profile_rfm/livecodebench_full_bootstrap200_seed0_metricfix_20260421/vector_exports/artifacts/layer_23_vector_record.json",
      "score_sign": -1.0,
      "selected_eigenvalue": 152.56088256835938,
      "selected_eigenvalue_share": 0.5730620053957608,
      "test_positive_minus_negative_mean": 58.02098083496094,
      "test_pr_auc": 0.733994354773441,
      "test_roc_auc": 0.8522012578616353,
      "train_pr_auc": 0.8555960612673671,
      "val_pr_auc": 0.5408113362943893,
      "vector_checksum": "9125ee2d1dd37e74bf167f6799eb6d0166755b0766dd8df7cb526cb710b16367",
      "vector_path": "/data/scratch/murphy/outputs/cot-loop-detection/prompt_profile_rfm/livecodebench_full_bootstrap200_seed0_metricfix_20260421/vector_exports/vectors/layer_23_vector.pt"
    },
    {
      "decision_threshold": 7.29105281829834,
      "direction_bootstrap_high_cosine": 0.8515201553702354,
      "direction_bootstrap_low_cosine": 0.7243618533015251,
      "direction_bootstrap_mean_cosine": 0.8000847345590592,
      "direction_bootstrap_num_completed": 100,
      "layer": 11,
      "raw_vector_norm": 9.314682960510254,
      "record_path": "/data/scratch/murphy/outputs/cot-loop-detection/prompt_profile_rfm/livecodebench_full_bootstrap200_seed0_metricfix_20260421/vector_exports/artifacts/layer_11_vector_record.json",
      "score_sign": -1.0,
      "selected_eigenvalue": 86.76338958740234,
      "selected_eigenvalue_share": 0.799586111526723,
      "test_positive_minus_negative_mean": 1.1763648986816406,
      "test_pr_auc": 0.6645992615154712,
      "test_roc_auc": 0.7854647099930119,
      "train_pr_auc": 0.9451430502457622,
      "val_pr_auc": 0.5392389110223293,
      "vector_checksum": "890a9619039621165979e7e011c0a6b5fa4b9e7a121f87eaf930171a4a61119d",
      "vector_path": "/data/scratch/murphy/outputs/cot-loop-detection/prompt_profile_rfm/livecodebench_full_bootstrap200_seed0_metricfix_20260421/vector_exports/vectors/layer_11_vector.pt"
    },
    {
      "decision_threshold": 137.0762176513672,
      "direction_bootstrap_high_cosine": 0.8790467858314513,
      "direction_bootstrap_low_cosine": 0.7921904653310776,
      "direction_bootstrap_mean_cosine": 0.841911587715149,
      "direction_bootstrap_num_completed": 100,
      "layer": 21,
      "raw_vector_norm": 11.800637245178223,
      "record_path": "/data/scratch/murphy/outputs/cot-loop-detection/prompt_profile_rfm/livecodebench_full_bootstrap200_seed0_metricfix_20260421/vector_exports/artifacts/layer_21_vector_record.json",
      "score_sign": -1.0,
      "selected_eigenvalue": 139.25498962402344,
      "selected_eigenvalue_share": 0.7225051162385652,
      "test_positive_minus_negative_mean": 33.83538818359375,
      "test_pr_auc": 0.740444246023179,
      "test_roc_auc": 0.8549965059399022,
      "train_pr_auc": 0.8804669485213666,
      "val_pr_auc": 0.5365394495049806,
      "vector_checksum": "5f0328855ab3b94c424fa9f52a089297648224822bb64b23a6ddfa69fb530d3c",
      "vector_path": "/data/scratch/murphy/outputs/cot-loop-detection/prompt_profile_rfm/livecodebench_full_bootstrap200_seed0_metricfix_20260421/vector_exports/vectors/layer_21_vector.pt"
    },
    {
      "decision_threshold": 103.83944702148438,
      "direction_bootstrap_high_cosine": 0.887274207174778,
      "direction_bootstrap_low_cosine": 0.7955156654119492,
      "direction_bootstrap_mean_cosine": 0.8457365012168885,
      "direction_bootstrap_num_completed": 100,
      "layer": 22,
      "raw_vector_norm": 12.428234100341797,
      "record_path": "/data/scratch/murphy/outputs/cot-loop-detection/prompt_profile_rfm/livecodebench_full_bootstrap200_seed0_metricfix_20260421/vector_exports/artifacts/layer_22_vector_record.json",
      "score_sign": 1.0,
      "selected_eigenvalue": 154.46090698242188,
      "selected_eigenvalue_share": 0.6582781118455334,
